%YAML:1.0
---
class_id: pallet_0
pyramid_levels: 2
template_pyramids:
   -
      template_id: 0
      templates:
         -
            class_id: pallet_0
            width: 1268
            height: 906
            tl_x: 26
            tl_y: 6
            c_x: 655
            c_y: 466
            angle: -1.
            scale: 1.
            pyramid_level: 0
            features:
               - [ 1063, 863, 3 ]
               - [ 950, 890, 5 ]
               - [ 1083, 20, 4 ]
               - [ 1032, 21, 3 ]
               - [ 1202, 860, 4 ]
               - [ 590, 873, 3 ]
               - [ 400, 876, 5 ]
               - [ 1014, 864, 4 ]
               - [ 829, 47, 4 ]
               - [ 1226, 887, 7 ]
               - [ 769, 48, 3 ]
               - [ 888, 47, 3 ]
               - [ 995, 44, 4 ]
               - [ 1254, 122, 1 ]
               - [ 1219, 43, 7 ]
               - [ 1266, 768, 1 ]
               - [ 958, 45, 4 ]
               - [ 119, 54, 7 ]
               - [ 20, 784, 2 ]
               - [ 640, 872, 3 ]
               - [ 1238, 249, 7 ]
               - [ 1182, 41, 4 ]
               - [ 1168, 888, 4 ]
               - [ 73, 45, 6 ]
               - [ 1247, 721, 0 ]
               - [ 467, 875, 3 ]
               - [ 349, 877, 3 ]
               - [ 266, 58, 2 ]
               - [ 1263, 542, 1 ]
               - [ 1156, 10, 3 ]
               - [ 517, 874, 3 ]
               - [ 714, 49, 3 ]
               - [ 1264, 645, 7 ]
               - [ 219, 58, 5 ]
               - [ 12, 210, 2 ]
               - [ 758, 869, 3 ]
               - [ 5, 319, 6 ]
               - [ 127, 885, 5 ]
               - [ 663, 49, 4 ]
               - [ 1252, 588, 5 ]
               - [ 1262, 500, 0 ]
               - [ 887, 891, 4 ]
               - [ 831, 892, 4 ]
               - [ 706, 894, 3 ]
               - [ 167, 38, 4 ]
               - [ 1134, 42, 3 ]
               - [ 626, 51, 3 ]
               - [ 1122, 863, 3 ]
               - [ 72, 886, 6 ]
               - [ 294, 878, 4 ]
               - [ 14, 895, 6 ]
               - [ 1257, 209, 7 ]
               - [ 552, 52, 3 ]
               - [ 185, 880, 4 ]
               - [ 1262, 462, 0 ]
               - [ 254, 879, 5 ]
               - [ 16, 380, 0 ]
               - [ 1237, 177, 7 ]
               - [ 796, 868, 5 ]
               - [ 446, 55, 3 ]
               - [ 916, 23, 4 ]
               - [ 1258, 315, 0 ]
               - [ 385, 56, 4 ]
               - [ 1198, 1, 4 ]
               - [ 13, 636, 5 ]
               - [ 917, 865, 5 ]
               - [ 11, 59, 0 ]
               - [ 1253, 55, 7 ]
               - [ 14, 542, 1 ]
               - [ 1255, 851, 6 ]
               - [ 1262, 419, 0 ]
               - [ 1254, 806, 1 ]
               - [ 321, 58, 4 ]
               - [ 1261, 381, 0 ]
               - [ 17, 673, 6 ]
               - [ 19, 477, 0 ]
               - [ 8, 270, 0 ]
               - [ 555, 896, 3 ]
               - [ 9, 711, 2 ]
               - [ 353, 35, 4 ]
               - [ 6, 855, 1 ]
               - [ 497, 53, 3 ]
               - [ 1248, 678, 2 ]
               - [ 14, 162, 0 ]
               - [ 860, 866, 3 ]
               - [ 5, 582, 2 ]
               - [ 21, 821, 1 ]
               - [ 13, 113, 1 ]
               - [ 677, 870, 5 ]
               - [ 588, 52, 5 ]
               - [ 223, 901, 4 ]
               - [ 433, 897, 3 ]
               - [ 18, 432, 0 ]
               - [ 1094, 887, 4 ]
               - [ 1242, 348, 7 ]
               - [ 1239, 90, 1 ]
               - [ 801, 25, 4 ]
               - [ 861, 24, 4 ]
               - [ 414, 35, 5 ]
               - [ 6, 752, 5 ]
         -
            class_id: pallet_0
            width: 634
            height: 453
            tl_x: 13
            tl_y: 3
            c_x: 327
            c_y: 233
            angle: -1.
            scale: 1.
            pyramid_level: 1
            features:
               - [ 414, 24, 4 ]
               - [ 299, 436, 4 ]
               - [ 491, 23, 4 ]
               - [ 284, 26, 4 ]
               - [ 633, 336, 0 ]
               - [ 619, 125, 0 ]
               - [ 589, 430, 4 ]
               - [ 586, 21, 3 ]
               - [ 197, 17, 4 ]
               - [ 180, 450, 4 ]
               - [ 523, 431, 5 ]
               - [ 418, 446, 4 ]
               - [ 104, 451, 4 ]
               - [ 631, 231, 0 ]
               - [ 129, 18, 4 ]
               - [ 12, 388, 0 ]
               - [ 0, 161, 0 ]
               - [ 16, 453, 3 ]
               - [ 7, 91, 1 ]
               - [ 10, 275, 0 ]
               - [ 35, 28, 7 ]
               - [ 348, 25, 4 ]
               - [ 361, 434, 4 ]
               - [ 634, 394, 0 ]
               - [ 627, 61, 0 ]
   -
      template_id: 1
      templates:
         -
            class_id: pallet_0
            width: 905
            height: 1270
            tl_x: 210
            tl_y: -164
            c_x: 655
            c_y: 466
            angle: 89.
            scale: 1.
            pyramid_level: 0
            features:
               - [ 43, 1064, 7 ]
               - [ 16, 951, 1 ]
               - [ 886, 1084, 0 ]
               - [ 885, 1033, 7 ]
               - [ 46, 1203, 0 ]
               - [ 33, 591, 7 ]
               - [ 30, 401, 1 ]
               - [ 42, 1015, 0 ]
               - [ 859, 830, 7 ]
               - [ 19, 1227, 3 ]
               - [ 858, 770, 7 ]
               - [ 859, 889, 7 ]
               - [ 862, 996, 0 ]
               - [ 784, 1255, 5 ]
               - [ 863, 1220, 4 ]
               - [ 138, 1267, 5 ]
               - [ 861, 959, 0 ]
               - [ 852, 120, 3 ]
               - [ 122, 21, 6 ]
               - [ 34, 641, 7 ]
               - [ 657, 1239, 3 ]
               - [ 865, 1183, 0 ]
               - [ 18, 1169, 1 ]
               - [ 861, 74, 3 ]
               - [ 185, 1248, 4 ]
               - [ 31, 468, 7 ]
               - [ 29, 350, 7 ]
               - [ 848, 267, 6 ]
               - [ 364, 1264, 5 ]
               - [ 896, 1157, 6 ]
               - [ 32, 518, 7 ]
               - [ 857, 715, 7 ]
               - [ 261, 1265, 3 ]
               - [ 848, 220, 1 ]
               - [ 696, 13, 6 ]
               - [ 37, 759, 7 ]
               - [ 587, 6, 2 ]
               - [ 21, 128, 1 ]
               - [ 857, 664, 7 ]
               - [ 318, 1253, 1 ]
               - [ 406, 1263, 4 ]
               - [ 15, 888, 0 ]
               - [ 14, 832, 0 ]
               - [ 12, 707, 7 ]
               - [ 868, 168, 0 ]
               - [ 864, 1135, 7 ]
               - [ 855, 627, 7 ]
               - [ 43, 1123, 7 ]
               - [ 20, 73, 3 ]
               - [ 28, 295, 0 ]
               - [ 11, 15, 2 ]
               - [ 697, 1258, 3 ]
               - [ 854, 553, 7 ]
               - [ 26, 186, 0 ]
               - [ 444, 1263, 4 ]
               - [ 27, 255, 1 ]
               - [ 526, 17, 4 ]
               - [ 729, 1238, 3 ]
               - [ 38, 797, 1 ]
               - [ 851, 447, 7 ]
               - [ 883, 917, 0 ]
               - [ 591, 1259, 5 ]
               - [ 850, 386, 0 ]
               - [ 905, 1199, 0 ]
               - [ 270, 14, 2 ]
               - [ 41, 918, 1 ]
               - [ 847, 12, 4 ]
               - [ 851, 1254, 3 ]
               - [ 364, 15, 5 ]
               - [ 55, 1256, 2 ]
               - [ 487, 1263, 4 ]
               - [ 100, 1255, 5 ]
               - [ 848, 322, 0 ]
               - [ 525, 1262, 4 ]
               - [ 233, 18, 2 ]
               - [ 429, 20, 4 ]
               - [ 636, 9, 4 ]
               - [ 10, 556, 7 ]
               - [ 195, 10, 6 ]
               - [ 871, 354, 0 ]
               - [ 51, 7, 5 ]
               - [ 853, 498, 7 ]
               - [ 228, 1249, 6 ]
               - [ 744, 15, 4 ]
               - [ 40, 861, 7 ]
               - [ 324, 6, 6 ]
               - [ 85, 22, 6 ]
               - [ 793, 14, 5 ]
               - [ 36, 678, 2 ]
               - [ 854, 589, 1 ]
