%YAML:1.0
---
class_id: collision
pyramid_levels: 2
template_pyramids:
   -
      template_id: 0
      templates:
         -
            class_id: collision
            width: 30
            height: 847
            tl_x: 8
            tl_y: 4
            c_x: 27
            c_y: 432
            angle: 8.9500000000000000e+01
            scale: 1.
            pyramid_level: 0
            features:
               - [ 20, 1, 3 ]
               - [ 2, 54, 7 ]
               - [ 3, 146, 7 ]
               - [ 4, 238, 7 ]
               - [ 5, 329, 7 ]
               - [ 6, 421, 7 ]
               - [ 30, 425, 7 ]
               - [ 30, 836, 1 ]
               - [ 19, 847, 3 ]
               - [ 1, 12, 0 ]
               - [ 29, 19, 0 ]
               - [ 1, 30, 0 ]
               - [ 29, 37, 0 ]
               - [ 29, 55, 0 ]
               - [ 2, 72, 0 ]
               - [ 29, 73, 0 ]
               - [ 2, 90, 0 ]
               - [ 29, 91, 0 ]
               - [ 2, 108, 0 ]
               - [ 29, 109, 0 ]
               - [ 2, 126, 0 ]
               - [ 29, 127, 0 ]
               - [ 29, 145, 0 ]
               - [ 29, 163, 0 ]
               - [ 3, 164, 0 ]
               - [ 29, 181, 0 ]
               - [ 3, 182, 0 ]
               - [ 29, 199, 0 ]
               - [ 3, 200, 0 ]
               - [ 29, 217, 0 ]
               - [ 3, 218, 0 ]
               - [ 29, 235, 0 ]
               - [ 29, 253, 0 ]
               - [ 4, 256, 0 ]
               - [ 29, 271, 0 ]
               - [ 4, 274, 0 ]
               - [ 29, 289, 0 ]
               - [ 4, 292, 0 ]
               - [ 29, 307, 0 ]
               - [ 4, 310, 0 ]
               - [ 29, 325, 0 ]
               - [ 29, 343, 0 ]
               - [ 5, 347, 0 ]
               - [ 29, 361, 0 ]
               - [ 5, 365, 0 ]
               - [ 29, 379, 0 ]
               - [ 5, 383, 0 ]
               - [ 29, 397, 0 ]
               - [ 5, 401, 0 ]
               - [ 6, 439, 0 ]
               - [ 30, 443, 0 ]
               - [ 6, 457, 0 ]
               - [ 30, 461, 0 ]
               - [ 6, 475, 0 ]
               - [ 30, 479, 0 ]
               - [ 6, 493, 0 ]
               - [ 30, 497, 0 ]
               - [ 6, 511, 0 ]
               - [ 30, 515, 0 ]
               - [ 6, 529, 0 ]
               - [ 30, 533, 0 ]
               - [ 6, 547, 0 ]
               - [ 30, 551, 0 ]
               - [ 6, 565, 0 ]
               - [ 30, 569, 0 ]
               - [ 6, 583, 0 ]
               - [ 30, 587, 0 ]
               - [ 6, 601, 0 ]
               - [ 30, 605, 0 ]
               - [ 6, 619, 0 ]
               - [ 30, 623, 0 ]
               - [ 6, 637, 0 ]
               - [ 30, 641, 0 ]
               - [ 6, 655, 0 ]
               - [ 30, 659, 0 ]
               - [ 6, 673, 0 ]
               - [ 30, 677, 0 ]
               - [ 6, 691, 0 ]
               - [ 30, 695, 0 ]
               - [ 6, 709, 0 ]
               - [ 30, 713, 0 ]
               - [ 6, 727, 0 ]
               - [ 30, 731, 0 ]
               - [ 6, 745, 0 ]
               - [ 30, 749, 0 ]
               - [ 6, 763, 0 ]
               - [ 30, 767, 0 ]
               - [ 6, 781, 0 ]
               - [ 30, 785, 0 ]
               - [ 6, 799, 0 ]
               - [ 30, 803, 0 ]
               - [ 6, 817, 0 ]
               - [ 6, 835, 0 ]
               - [ 30, 818, 0 ]
               - [ 29, 412, 0 ]
               - [ 1, 42, 0 ]
               - [ 28, 7, 7 ]
               - [ 8, 6, 3 ]
               - [ 1, 21, 0 ]
               - [ 29, 28, 0 ]
               - [ 29, 46, 0 ]
               - [ 2, 63, 0 ]
               - [ 29, 64, 0 ]
               - [ 2, 81, 0 ]
               - [ 29, 82, 0 ]
               - [ 2, 99, 0 ]
               - [ 29, 100, 0 ]
               - [ 2, 117, 0 ]
               - [ 29, 118, 0 ]
               - [ 2, 135, 0 ]
               - [ 29, 136, 0 ]
               - [ 29, 154, 0 ]
               - [ 3, 155, 0 ]
               - [ 29, 172, 0 ]
               - [ 3, 173, 0 ]
               - [ 29, 190, 0 ]
               - [ 3, 191, 0 ]
               - [ 29, 208, 0 ]
               - [ 3, 209, 0 ]
               - [ 29, 226, 0 ]
               - [ 3, 227, 0 ]
               - [ 29, 244, 0 ]
               - [ 4, 247, 0 ]
               - [ 29, 262, 0 ]
               - [ 4, 265, 0 ]
               - [ 29, 280, 0 ]
               - [ 4, 283, 0 ]
               - [ 29, 298, 0 ]
               - [ 4, 301, 0 ]
               - [ 29, 316, 0 ]
               - [ 4, 319, 0 ]
               - [ 29, 334, 0 ]
               - [ 5, 338, 0 ]
               - [ 29, 352, 0 ]
               - [ 5, 356, 0 ]
               - [ 29, 370, 0 ]
               - [ 5, 374, 0 ]
               - [ 29, 388, 0 ]
               - [ 5, 392, 0 ]
               - [ 5, 410, 0 ]
               - [ 6, 430, 0 ]
               - [ 30, 434, 0 ]
               - [ 6, 448, 0 ]
               - [ 30, 452, 0 ]
               - [ 6, 466, 0 ]
               - [ 30, 470, 0 ]
               - [ 6, 484, 0 ]
               - [ 30, 488, 0 ]
               - [ 6, 502, 0 ]
               - [ 30, 506, 0 ]
               - [ 6, 520, 0 ]
               - [ 30, 524, 0 ]
               - [ 6, 538, 0 ]
               - [ 30, 542, 0 ]
               - [ 6, 556, 0 ]
               - [ 30, 560, 0 ]
               - [ 6, 574, 0 ]
               - [ 30, 578, 0 ]
               - [ 6, 592, 0 ]
               - [ 30, 596, 0 ]
               - [ 6, 610, 0 ]
               - [ 30, 614, 0 ]
               - [ 6, 628, 0 ]
               - [ 30, 632, 0 ]
               - [ 6, 646, 0 ]
               - [ 30, 650, 0 ]
               - [ 6, 664, 0 ]
               - [ 30, 668, 0 ]
               - [ 6, 682, 0 ]
               - [ 30, 686, 0 ]
               - [ 6, 700, 0 ]
               - [ 30, 704, 0 ]
               - [ 6, 718, 0 ]
               - [ 30, 722, 0 ]
               - [ 6, 736, 0 ]
               - [ 30, 740, 0 ]
               - [ 6, 754, 0 ]
               - [ 30, 758, 0 ]
               - [ 6, 772, 0 ]
               - [ 30, 776, 0 ]
               - [ 6, 790, 0 ]
               - [ 30, 794, 0 ]
               - [ 6, 808, 0 ]
               - [ 6, 826, 0 ]
               - [ 30, 827, 0 ]
         -
            class_id: collision
            width: 15
            height: 423
            tl_x: 4
            tl_y: 2
            c_x: 13
            c_y: 216
            angle: 8.9500000000000000e+01
            scale: 1.
            pyramid_level: 1
            features:
               - [ 15, 418, 0 ]
               - [ 1, 27, 0 ]
               - [ 2, 119, 0 ]
               - [ 3, 211, 0 ]
               - [ 4, 3, 3 ]
               - [ 1, 70, 0 ]
               - [ 3, 168, 0 ]
               - [ 15, 40, 0 ]
               - [ 15, 85, 0 ]
               - [ 15, 133, 0 ]
               - [ 15, 184, 0 ]
               - [ 15, 228, 0 ]
               - [ 3, 244, 0 ]
               - [ 15, 261, 0 ]
               - [ 3, 277, 0 ]
               - [ 15, 294, 0 ]
               - [ 3, 310, 0 ]
               - [ 15, 327, 0 ]
               - [ 3, 343, 0 ]
               - [ 15, 360, 0 ]
               - [ 3, 376, 0 ]
               - [ 15, 393, 0 ]
               - [ 2, 98, 0 ]
               - [ 2, 146, 0 ]
   -
      template_id: 1
      templates:
         -
            class_id: collision
            width: 846
            height: 30
            tl_x: -391
            tl_y: 414
            c_x: 27
            c_y: 432
            angle: 1.7950000000000000e+02
            scale: 1.
            pyramid_level: 0
            features:
               - [ 846, 19, 7 ]
               - [ 793, 1, 3 ]
               - [ 701, 2, 3 ]
               - [ 609, 3, 3 ]
               - [ 518, 4, 3 ]
               - [ 426, 5, 3 ]
               - [ 422, 29, 3 ]
               - [ 11, 29, 5 ]
               - [ 0, 18, 7 ]
               - [ 835, 0, 4 ]
               - [ 828, 28, 4 ]
               - [ 817, 0, 4 ]
               - [ 810, 28, 4 ]
