%YAML:1.0
---
K: [ 2.4020158162560519e+03, 1.2453510131835938e+03,
    2.4020158162560519e+03, 7.6318195343017578e+02 ]
D: [ 0., 0., 0., 0., 0., 0., 0., 0., 0., 0., 0., 0. ]
image_points:
   []
board_points:
   -
      - [ 5.0000000745058060e-02, 5.0000000745058060e-02, 0. ]
      - [ 1.0000000149011612e-01, 5.0000000745058060e-02, 0. ]
      - [ 1.5000000596046448e-01, 5.0000000745058060e-02, 0. ]
      - [ 2.0000000298023224e-01, 5.0000000745058060e-02, 0. ]
      - [ 5.0000000745058060e-02, 1.0000000149011612e-01, 0. ]
      - [ 1.0000000149011612e-01, 1.0000000149011612e-01, 0. ]
      - [ 1.5000000596046448e-01, 1.0000000149011612e-01, 0. ]
      - [ 2.0000000298023224e-01, 1.0000000149011612e-01, 0. ]
      - [ 5.0000000745058060e-02, 1.5000000596046448e-01, 0. ]
      - [ 1.0000000149011612e-01, 1.5000000596046448e-01, 0. ]
      - [ 1.5000000596046448e-01, 1.5000000596046448e-01, 0. ]
      - [ 2.0000000298023224e-01, 1.5000000596046448e-01, 0. ]
   -
      - [ 5.0000000745058060e-02, 5.0000000745058060e-02, 0. ]
      - [ 1.0000000149011612e-01, 5.0000000745058060e-02, 0. ]
      - [ 1.5000000596046448e-01, 5.0000000745058060e-02, 0. ]
      - [ 2.0000000298023224e-01, 5.0000000745058060e-02, 0. ]
      - [ 5.0000000745058060e-02, 1.0000000149011612e-01, 0. ]
      - [ 1.0000000149011612e-01, 1.0000000149011612e-01, 0. ]
      - [ 1.5000000596046448e-01, 1.0000000149011612e-01, 0. ]
      - [ 2.0000000298023224e-01, 1.0000000149011612e-01, 0. ]
      - [ 5.0000000745058060e-02, 1.5000000596046448e-01, 0. ]
      - [ 1.0000000149011612e-01, 1.5000000596046448e-01, 0. ]
      - [ 1.5000000596046448e-01, 1.5000000596046448e-01, 0. ]
      - [ 2.0000000298023224e-01, 1.5000000596046448e-01, 0. ]
   -
      - [ 5.0000000745058060e-02, 5.0000000745058060e-02, 0. ]
      - [ 1.0000000149011612e-01, 5.0000000745058060e-02, 0. ]
      - [ 1.5000000596046448e-01, 5.0000000745058060e-02, 0. ]
      - [ 2.0000000298023224e-01, 5.0000000745058060e-02, 0. ]
      - [ 5.0000000745058060e-02, 1.0000000149011612e-01, 0. ]
      - [ 1.0000000149011612e-01, 1.0000000149011612e-01, 0. ]
      - [ 1.5000000596046448e-01, 1.0000000149011612e-01, 0. ]
      - [ 2.0000000298023224e-01, 1.0000000149011612e-01, 0. ]
      - [ 5.0000000745058060e-02, 1.5000000596046448e-01, 0. ]
      - [ 1.0000000149011612e-01, 1.5000000596046448e-01, 0. ]
      - [ 1.5000000596046448e-01, 1.5000000596046448e-01, 0. ]
      - [ 2.0000000298023224e-01, 1.5000000596046448e-01, 0. ]
   -
      - [ 5.0000000745058060e-02, 5.0000000745058060e-02, 0. ]
      - [ 1.0000000149011612e-01, 5.0000000745058060e-02, 0. ]
      - [ 1.5000000596046448e-01, 5.0000000745058060e-02, 0. ]
      - [ 2.0000000298023224e-01, 5.0000000745058060e-02, 0. ]
      - [ 5.0000000745058060e-02, 1.0000000149011612e-01, 0. ]
      - [ 1.0000000149011612e-01, 1.0000000149011612e-01, 0. ]
      - [ 1.5000000596046448e-01, 1.0000000149011612e-01, 0. ]
      - [ 2.0000000298023224e-01, 1.0000000149011612e-01, 0. ]
      - [ 5.0000000745058060e-02, 1.5000000596046448e-01, 0. ]
      - [ 1.0000000149011612e-01, 1.5000000596046448e-01, 0. ]
      - [ 1.5000000596046448e-01, 1.5000000596046448e-01, 0. ]
      - [ 2.0000000298023224e-01, 1.5000000596046448e-01, 0. ]
   -
      - [ 5.0000000745058060e-02, 5.0000000745058060e-02, 0. ]
      - [ 1.0000000149011612e-01, 5.0000000745058060e-02, 0. ]
      - [ 1.5000000596046448e-01, 5.0000000745058060e-02, 0. ]
      - [ 2.0000000298023224e-01, 5.0000000745058060e-02, 0. ]
      - [ 5.0000000745058060e-02, 1.0000000149011612e-01, 0. ]
      - [ 1.0000000149011612e-01, 1.0000000149011612e-01, 0. ]
      - [ 1.5000000596046448e-01, 1.0000000149011612e-01, 0. ]
      - [ 2.0000000298023224e-01, 1.0000000149011612e-01, 0. ]
      - [ 5.0000000745058060e-02, 1.5000000596046448e-01, 0. ]
      - [ 1.0000000149011612e-01, 1.5000000596046448e-01, 0. ]
      - [ 1.5000000596046448e-01, 1.5000000596046448e-01, 0. ]
      - [ 2.0000000298023224e-01, 1.5000000596046448e-01, 0. ]
   -
      - [ 5.0000000745058060e-02, 5.0000000745058060e-02, 0. ]
      - [ 1.0000000149011612e-01, 5.0000000745058060e-02, 0. ]
      - [ 1.5000000596046448e-01, 5.0000000745058060e-02, 0. ]
      - [ 2.0000000298023224e-01, 5.0000000745058060e-02, 0. ]
      - [ 5.0000000745058060e-02, 1.0000000149011612e-01, 0. ]
      - [ 1.0000000149011612e-01, 1.0000000149011612e-01, 0. ]
      - [ 1.5000000596046448e-01, 1.0000000149011612e-01, 0. ]
      - [ 2.0000000298023224e-01, 1.0000000149011612e-01, 0. ]
      - [ 5.0000000745058060e-02, 1.5000000596046448e-01, 0. ]
      - [ 1.0000000149011612e-01, 1.5000000596046448e-01, 0. ]
      - [ 1.5000000596046448e-01, 1.5000000596046448e-01, 0. ]
      - [ 2.0000000298023224e-01, 1.5000000596046448e-01, 0. ]
   -
      - [ 5.0000000745058060e-02, 5.0000000745058060e-02, 0. ]
      - [ 1.0000000149011612e-01, 5.0000000745058060e-02, 0. ]
      - [ 1.5000000596046448e-01, 5.0000000745058060e-02, 0. ]
      - [ 2.0000000298023224e-01, 5.0000000745058060e-02, 0. ]
      - [ 5.0000000745058060e-02, 1.0000000149011612e-01, 0. ]
      - [ 1.0000000149011612e-01, 1.0000000149011612e-01, 0. ]
      - [ 1.5000000596046448e-01, 1.0000000149011612e-01, 0. ]
      - [ 2.0000000298023224e-01, 1.0000000149011612e-01, 0. ]
      - [ 5.0000000745058060e-02, 1.5000000596046448e-01, 0. ]
      - [ 1.0000000149011612e-01, 1.5000000596046448e-01, 0. ]
      - [ 1.5000000596046448e-01, 1.5000000596046448e-01, 0. ]
      - [ 2.0000000298023224e-01, 1.5000000596046448e-01, 0. ]
   -
      - [ 5.0000000745058060e-02, 5.0000000745058060e-02, 0. ]
      - [ 1.0000000149011612e-01, 5.0000000745058060e-02, 0. ]
      - [ 1.5000000596046448e-01, 5.0000000745058060e-02, 0. ]
      - [ 2.0000000298023224e-01, 5.0000000745058060e-02, 0. ]
      - [ 5.0000000745058060e-02, 1.0000000149011612e-01, 0. ]
      - [ 1.0000000149011612e-01, 1.0000000149011612e-01, 0. ]
      - [ 1.5000000596046448e-01, 1.0000000149011612e-01, 0. ]
      - [ 2.0000000298023224e-01, 1.0000000149011612e-01, 0. ]
      - [ 5.0000000745058060e-02, 1.5000000596046448e-01, 0. ]
      - [ 1.0000000149011612e-01, 1.5000000596046448e-01, 0. ]
      - [ 1.5000000596046448e-01, 1.5000000596046448e-01, 0. ]
      - [ 2.0000000298023224e-01, 1.5000000596046448e-01, 0. ]
   -
      - [ 5.0000000745058060e-02, 5.0000000745058060e-02, 0. ]
      - [ 1.0000000149011612e-01, 5.0000000745058060e-02, 0. ]
      - [ 1.5000000596046448e-01, 5.0000000745058060e-02, 0. ]
      - [ 2.0000000298023224e-01, 5.0000000745058060e-02, 0. ]
      - [ 5.0000000745058060e-02, 1.0000000149011612e-01, 0. ]
      - [ 1.0000000149011612e-01, 1.0000000149011612e-01, 0. ]
      - [ 1.5000000596046448e-01, 1.0000000149011612e-01, 0. ]
      - [ 2.0000000298023224e-01, 1.0000000149011612e-01, 0. ]
      - [ 5.0000000745058060e-02, 1.5000000596046448e-01, 0. ]
      - [ 1.0000000149011612e-01, 1.5000000596046448e-01, 0. ]
      - [ 1.5000000596046448e-01, 1.5000000596046448e-01, 0. ]
      - [ 2.0000000298023224e-01, 1.5000000596046448e-01, 0. ]
   -
      - [ 5.0000000745058060e-02, 5.0000000745058060e-02, 0. ]
      - [ 1.0000000149011612e-01, 5.0000000745058060e-02, 0. ]
      - [ 1.5000000596046448e-01, 5.0000000745058060e-02, 0. ]
      - [ 2.0000000298023224e-01, 5.0000000745058060e-02, 0. ]
      - [ 5.0000000745058060e-02, 1.0000000149011612e-01, 0. ]
      - [ 1.0000000149011612e-01, 1.0000000149011612e-01, 0. ]
      - [ 1.5000000596046448e-01, 1.0000000149011612e-01, 0. ]
      - [ 2.0000000298023224e-01, 1.0000000149011612e-01, 0. ]
      - [ 5.0000000745058060e-02, 1.5000000596046448e-01, 0. ]
      - [ 1.0000000149011612e-01, 1.5000000596046448e-01, 0. ]
      - [ 1.5000000596046448e-01, 1.5000000596046448e-01, 0. ]
      - [ 2.0000000298023224e-01, 1.5000000596046448e-01, 0. ]
   -
      - [ 5.0000000745058060e-02, 5.0000000745058060e-02, 0. ]
      - [ 1.0000000149011612e-01, 5.0000000745058060e-02, 0. ]
