%YAML:1.0
---
K: [ 2.4020158162560519e+03, 1.2453510131835938e+03,
    2.4020158162560519e+03, 7.6318195343017578e+02 ]
D: [ 0., 0., 0., 0., 0., 0., 0., 0., 0., 0., 0., 0. ]
image_points:
   -
      - [ 9.7695104980468750e+02, 7.8720391845703125e+02 ]
      - [ 1.0097205810546875e+03, 7.0989111328125000e+02 ]
      - [ 1.0424576416015625e+03, 6.3252355957031250e+02 ]
      - [ 1.0751689453125000e+03, 5.5501416015625000e+02 ]
      - [ 8.9972369384765625e+02, 7.5434027099609375e+02 ]
      - [ 9.3229882812500000e+02, 6.7711395263671875e+02 ]
      - [ 9.6509045410156250e+02, 5.9971478271484375e+02 ]
      - [ 9.9783251953125000e+02, 5.2210705566406250e+02 ]
      - [ 8.2236413574218750e+02, 7.2158905029296875e+02 ]
      - [ 8.5508410644531250e+02, 6.4420544433593750e+02 ]
      - [ 8.8775164794921875e+02, 5.6683312988281250e+02 ]
      - [ 9.2036401367187500e+02, 4.8921417236328125e+02 ]
   -
      - [ 1.4874660644531250e+03, 1.0247391357421875e+03 ]
      - [ 1.4629902343750000e+03, 9.4449822998046875e+02 ]
      - [ 1.4386406250000000e+03, 8.6415228271484375e+02 ]
      - [ 1.4141015625000000e+03, 7.8371264648437500e+02 ]
      - [ 1.4070123291015625e+03, 1.0491623535156250e+03 ]
      - [ 1.3825482177734375e+03, 9.6897906494140625e+02 ]
      - [ 1.3581210937500000e+03, 8.8867053222656250e+02 ]
      - [ 1.3335472412109375e+03, 8.0817712402343750e+02 ]
      - [ 1.3266697998046875e+03, 1.0736809082031250e+03 ]
      - [ 1.3021712646484375e+03, 9.9340985107421875e+02 ]
      - [ 1.2777253417968750e+03, 9.1315875244140625e+02 ]
      - [ 1.2531223144531250e+03, 8.3273669433593750e+02 ]
   -
      - [ 1.0418972167968750e+03, 1.1164312744140625e+03 ]
      - [ 1.0461779785156250e+03, 1.0329916992187500e+03 ]
      - [ 1.0505855712890625e+03, 9.4923614501953125e+02 ]
      - [ 1.0548736572265625e+03, 8.6546264648437500e+02 ]
      - [ 9.5816204833984375e+02, 1.1118709716796875e+03 ]
      - [ 9.6252325439453125e+02, 1.0284726562500000e+03 ]
      - [ 9.6679254150390625e+02, 9.4480535888671875e+02 ]
      - [ 9.7110937500000000e+02, 8.6097100830078125e+02 ]
      - [ 8.7446569824218750e+02, 1.1073520507812500e+03 ]
      - [ 8.7879833984375000e+02, 1.0239121704101562e+03 ]
      - [ 8.8298992919921875e+02, 9.4025726318359375e+02 ]
      - [ 8.8731958007812500e+02, 8.5658129882812500e+02 ]
   -
      - [ 1.3768021240234375e+03, 1.1208466796875000e+03 ]
      - [ 1.3813416748046875e+03, 1.0371958007812500e+03 ]
      - [ 1.3859339599609375e+03, 9.5336224365234375e+02 ]
      - [ 1.3904244384765625e+03, 8.6960125732421875e+02 ]
      - [ 1.2929162597656250e+03, 1.1162961425781250e+03 ]
      - [ 1.2974035644531250e+03, 1.0326488037109375e+03 ]
      - [ 1.3018953857421875e+03, 9.4890496826171875e+02 ]
      - [ 1.3064099121093750e+03, 8.6502648925781250e+02 ]
      - [ 1.2090361328125000e+03, 1.1118024902343750e+03 ]
      - [ 1.2135123291015625e+03, 1.0281201171875000e+03 ]
      - [ 1.2179532470703125e+03, 9.4429443359375000e+02 ]
      - [ 1.2224340820312500e+03, 8.6045660400390625e+02 ]
   -
      - [ 1.3810712890625000e+03, 7.8499694824218750e+02 ]
      - [ 1.3855063476562500e+03, 7.0100518798828125e+02 ]
      - [ 1.3900740966796875e+03, 6.1687316894531250e+02 ]
      - [ 1.3946687011718750e+03, 5.3257940673828125e+02 ]
      - [ 1.2970054931640625e+03, 7.8044311523437500e+02 ]
      - [ 1.3014515380859375e+03, 6.9653894042968750e+02 ]
      - [ 1.3059792480468750e+03, 6.1234930419921875e+02 ]
      - [ 1.3105378417968750e+03, 5.2818615722656250e+02 ]
      - [ 1.2131492919921875e+03, 7.7604907226562500e+02 ]
      - [ 1.2175555419921875e+03, 6.9209106445312500e+02 ]
      - [ 1.2219809570312500e+03, 6.0802593994140625e+02 ]
      - [ 1.2265465087890625e+03, 5.2383679199218750e+02 ]
   -
      - [ 1.0455239257812500e+03, 7.8101672363281250e+02 ]
      - [ 1.0497395019531250e+03, 6.9704077148437500e+02 ]
      - [ 1.0540379638671875e+03, 6.1304406738281250e+02 ]
      - [ 1.0585061035156250e+03, 5.2903192138671875e+02 ]
      - [ 9.6168957519531250e+02, 7.7660046386718750e+02 ]
      - [ 9.6595941162109375e+02, 6.9271771240234375e+02 ]
      - [ 9.7011273193359375e+02, 6.0874536132812500e+02 ]
      - [ 9.7455700683593750e+02, 5.2461407470703125e+02 ]
      - [ 8.7782928466796875e+02, 7.7207147216796875e+02 ]
      - [ 8.8200268554687500e+02, 6.8824353027343750e+02 ]
      - [ 8.8623461914062500e+02, 6.0423193359375000e+02 ]
      - [ 8.9049334716796875e+02, 5.2022882080078125e+02 ]
   -
      - [ 9.9598059082031250e+02, 7.8418194580078125e+02 ]
      - [ 1.0266247558593750e+03, 7.1206268310546875e+02 ]
      - [ 1.0571774902343750e+03, 6.3969519042968750e+02 ]
      - [ 1.0879985351562500e+03, 5.6721844482421875e+02 ]
      - [ 9.2381494140625000e+02, 7.5351898193359375e+02 ]
      - [ 9.5426580810546875e+02, 6.8114837646484375e+02 ]
      - [ 9.8492810058593750e+02, 6.0899572753906250e+02 ]
      - [ 1.0154918212890625e+03, 5.3643286132812500e+02 ]
      - [ 8.5169512939453125e+02, 7.2280023193359375e+02 ]
      - [ 8.8207434082031250e+02, 6.5051110839843750e+02 ]
      - [ 9.1269097900390625e+02, 5.7814453125000000e+02 ]
      - [ 9.4315472412109375e+02, 5.0576263427734375e+02 ]
   -
      - [ 1.4731544189453125e+03, 1.0062105102539062e+03 ]
      - [ 1.4502926025390625e+03, 9.3124682617187500e+02 ]
      - [ 1.4275711669921875e+03, 8.5616522216796875e+02 ]
      - [ 1.4045823974609375e+03, 7.8091339111328125e+02 ]
      - [ 1.3980068359375000e+03, 1.0290389404296875e+03 ]
      - [ 1.3751881103515625e+03, 9.5410314941406250e+02 ]
      - [ 1.3522851562500000e+03, 8.7907690429687500e+02 ]
      - [ 1.3293297119140625e+03, 8.0389495849609375e+02 ]
      - [ 1.3229030761718750e+03, 1.0519096679687500e+03 ]
      - [ 1.3000075683593750e+03, 9.7693322753906250e+02 ]
      - [ 1.2770960693359375e+03, 9.0197241210937500e+02 ]
      - [ 1.2541252441406250e+03, 8.2682775878906250e+02 ]
   -
      - [ 1.0569260253906250e+03, 1.0919923095703125e+03 ]
      - [ 1.0609291992187500e+03, 1.0137402954101562e+03 ]
      - [ 1.0651059570312500e+03, 9.3555310058593750e+02 ]
      - [ 1.0690286865234375e+03, 8.5724279785156250e+02 ]
      - [ 9.7871783447265625e+02, 1.0877597656250000e+03 ]
      - [ 9.8273095703125000e+02, 1.0095928955078125e+03 ]
      - [ 9.8673913574218750e+02, 9.3146313476562500e+02 ]
      - [ 9.9065631103515625e+02, 8.5304431152343750e+02 ]
      - [ 9.0063043212890625e+02, 1.0834238281250000e+03 ]
      - [ 9.0445739746093750e+02, 1.0053878173828125e+03 ]
      - [ 9.0842846679687500e+02, 9.2716461181640625e+02 ]
      - [ 9.1232666015625000e+02, 8.4888494873046875e+02 ]
   -
      - [ 1.3700355224609375e+03, 1.0960518798828125e+03 ]
      - [ 1.3742647705078125e+03, 1.0178231201171875e+03 ]
      - [ 1.3786197509765625e+03, 9.3956927490234375e+02 ]
      - [ 1.3827456054687500e+03, 8.6127923583984375e+02 ]
      - [ 1.2916640625000000e+03, 1.0918590087890625e+03 ]
      - [ 1.2957971191406250e+03, 1.0137160644531250e+03 ]
      - [ 1.3000466308593750e+03, 9.3543853759765625e+02 ]
      - [ 1.3042349853515625e+03, 8.5697729492187500e+02 ]
      - [ 1.2131477050781250e+03, 1.0876733398437500e+03 ]
      - [ 1.2173631591796875e+03, 1.0094487915039062e+03 ]
      - [ 1.2216396484375000e+03, 9.3107501220703125e+02 ]
      - [ 1.2257700195312500e+03, 8.5268579101562500e+02 ]
   -
      - [ 1.3741120605468750e+03, 7.8220819091796875e+02 ]
      - [ 1.3782653808593750e+03, 7.0377856445312500e+02 ]
      - [ 1.3824663085937500e+03, 6.2513879394531250e+02 ]
      - [ 1.3867622070312500e+03, 5.4637329101562500e+02 ]
      - [ 1.2954743652343750e+03, 7.7805468750000000e+02 ]
      - [ 1.2995909423828125e+03, 6.9969024658203125e+02 ]
      - [ 1.3039266357421875e+03, 6.2090856933593750e+02 ]
      - [ 1.3080893554687500e+03, 5.4235308837890625e+02 ]
      - [ 1.2170482177734375e+03, 7.7395556640625000e+02 ]
      - [ 1.2212521972656250e+03, 6.9547607421875000e+02 ]
      - [ 1.2253576660156250e+03, 6.1692443847656250e+02 ]
