%YAML:1.0
---
class_id: pallet_1
pyramid_levels: 2
template_pyramids:
   -
      template_id: 0
      templates:
         -
            class_id: pallet_1
            width: 1273
            height: 871
            tl_x: 8
            tl_y: 12
            c_x: 645
            c_y: 448
            angle: -180.
            scale: 1.
            pyramid_level: 0
            features:
               - [ 1262, 19, 3 ]
               - [ 1268, 852, 1 ]
               - [ 25, 1, 3 ]
               - [ 149, 1, 5 ]
               - [ 454, 2, 5 ]
               - [ 1132, 3, 5 ]
               - [ 1224, 3, 3 ]
               - [ 1273, 67, 7 ]
               - [ 4, 87, 7 ]
               - [ 4, 176, 1 ]
               - [ 3, 264, 1 ]
               - [ 1273, 275, 1 ]
               - [ 3, 451, 7 ]
               - [ 1272, 533, 1 ]
               - [ 3, 651, 1 ]
               - [ 1271, 659, 1 ]
               - [ 2, 769, 1 ]
               - [ 1270, 785, 1 ]
               - [ 1, 833, 1 ]
               - [ 163, 866, 3 ]
               - [ 235, 866, 5 ]
               - [ 63, 867, 3 ]
               - [ 278, 867, 5 ]
               - [ 320, 868, 5 ]
               - [ 688, 868, 3 ]
               - [ 801, 868, 5 ]
               - [ 363, 869, 5 ]
               - [ 626, 869, 3 ]
               - [ 963, 869, 5 ]
               - [ 406, 870, 5 ]
               - [ 563, 870, 3 ]
               - [ 1122, 870, 5 ]
               - [ 448, 871, 5 ]
               - [ 501, 871, 3 ]
               - [ 1215, 871, 5 ]
               - [ 64, 0, 4 ]
               - [ 103, 0, 4 ]
               - [ 188, 1, 4 ]
               - [ 227, 1, 4 ]
               - [ 266, 1, 4 ]
               - [ 305, 1, 4 ]
               - [ 344, 1, 4 ]
               - [ 383, 1, 4 ]
               - [ 493, 2, 4 ]
               - [ 532, 2, 4 ]
               - [ 571, 2, 4 ]
               - [ 610, 2, 4 ]
               - [ 649, 2, 4 ]
               - [ 688, 2, 4 ]
               - [ 727, 2, 4 ]
               - [ 766, 2, 4 ]
               - [ 805, 2, 4 ]
               - [ 844, 2, 4 ]
               - [ 883, 2, 4 ]
               - [ 922, 2, 4 ]
               - [ 961, 2, 4 ]
               - [ 1000, 2, 4 ]
               - [ 1039, 2, 4 ]
               - [ 1078, 2, 4 ]
               - [ 1171, 3, 4 ]
               - [ 3, 32, 0 ]
               - [ 1273, 106, 0 ]
               - [ 4, 126, 0 ]
               - [ 1273, 145, 0 ]
               - [ 1273, 184, 0 ]
               - [ 3, 215, 0 ]
               - [ 1273, 223, 0 ]
               - [ 2, 303, 0 ]
               - [ 1272, 314, 0 ]
               - [ 2, 342, 0 ]
               - [ 1272, 353, 0 ]
               - [ 2, 381, 0 ]
               - [ 1272, 392, 0 ]
               - [ 1272, 431, 0 ]
               - [ 1272, 470, 0 ]
               - [ 3, 490, 0 ]
               - [ 3, 529, 0 ]
               - [ 3, 568, 0 ]
               - [ 1271, 572, 0 ]
               - [ 3, 607, 0 ]
               - [ 1271, 611, 0 ]
               - [ 2, 690, 0 ]
               - [ 1270, 698, 0 ]
               - [ 2, 729, 0 ]
               - [ 1270, 737, 0 ]
               - [ 102, 866, 4 ]
               - [ 17, 867, 4 ]
               - [ 727, 867, 4 ]
               - [ 840, 868, 4 ]
               - [ 879, 868, 4 ]
               - [ 918, 868, 4 ]
               - [ 1002, 869, 4 ]
               - [ 1041, 869, 4 ]
               - [ 1080, 869, 4 ]
               - [ 1161, 870, 4 ]
               - [ 199, 865, 4 ]
               - [ 763, 867, 4 ]
               - [ 419, 1, 4 ]
               - [ 2, 417, 0 ]
         -
            class_id: pallet_1
            width: 636
            height: 435
            tl_x: 4
            tl_y: 6
            c_x: 322
            c_y: 224
            angle: -180.
            scale: 1.
            pyramid_level: 1
            features:
               - [ 227, 1, 4 ]
               - [ 636, 21, 0 ]
               - [ 2, 44, 0 ]
               - [ 636, 267, 0 ]
               - [ 1, 385, 0 ]
               - [ 635, 393, 0 ]
               - [ 82, 433, 4 ]
               - [ 160, 434, 4 ]
               - [ 344, 434, 4 ]
               - [ 561, 435, 4 ]
               - [ 78, 1, 4 ]
               - [ 563, 1, 4 ]
               - [ 2, 129, 0 ]
               - [ 636, 141, 0 ]
               - [ 2, 229, 0 ]
               - [ 254, 435, 4 ]
               - [ 485, 435, 4 ]
               - [ 147, 1, 4 ]
               - [ 296, 1, 4 ]
               - [ 365, 1, 4 ]
               - [ 434, 1, 4 ]
               - [ 2, 298, 0 ]
               - [ 413, 434, 4 ]
               - [ 497, 1, 4 ]
               - [ 636, 204, 0 ]
   -
      template_id: 1
      templates:
         -
            class_id: pallet_1
            width: 872
            height: 1272
            tl_x: 210
            tl_y: -188
            c_x: 645
            c_y: 448
            angle: -90.
            scale: 1.
            pyramid_level: 0
            features:
               - [ 853, 1261, 7 ]
               - [ 20, 1267, 5 ]
               - [ 871, 24, 7 ]
               - [ 871, 148, 1 ]
               - [ 870, 453, 1 ]
               - [ 869, 1131, 1 ]
               - [ 869, 1223, 7 ]
               - [ 805, 1272, 3 ]
               - [ 785, 3, 3 ]
               - [ 696, 3, 5 ]
               - [ 608, 2, 5 ]
               - [ 597, 1272, 5 ]
               - [ 421, 2, 3 ]
               - [ 339, 1271, 5 ]
               - [ 221, 2, 5 ]
               - [ 213, 1270, 5 ]
               - [ 103, 1, 5 ]
               - [ 87, 1269, 5 ]
               - [ 39, 0, 5 ]
               - [ 6, 162, 7 ]
               - [ 6, 234, 1 ]
               - [ 5, 62, 7 ]
               - [ 5, 277, 1 ]
               - [ 4, 319, 1 ]
               - [ 4, 687, 7 ]
               - [ 4, 800, 1 ]
               - [ 3, 362, 1 ]
               - [ 3, 625, 7 ]
               - [ 3, 962, 1 ]
               - [ 2, 405, 1 ]
               - [ 2, 562, 7 ]
               - [ 2, 1121, 1 ]
               - [ 1, 447, 1 ]
               - [ 1, 500, 7 ]
               - [ 1, 1214, 1 ]
               - [ 872, 63, 0 ]
               - [ 872, 102, 0 ]
               - [ 871, 187, 0 ]
               - [ 871, 226, 0 ]
               - [ 871, 265, 0 ]
               - [ 871, 304, 0 ]
               - [ 871, 343, 0 ]
               - [ 871, 382, 0 ]
               - [ 870, 492, 0 ]
               - [ 870, 531, 0 ]
               - [ 870, 570, 0 ]
               - [ 870, 609, 0 ]
               - [ 870, 648, 0 ]
               - [ 870, 687, 0 ]
               - [ 870, 726, 0 ]
               - [ 870, 765, 0 ]
               - [ 870, 804, 0 ]
               - [ 870, 843, 0 ]
               - [ 870, 882, 0 ]
               - [ 870, 921, 0 ]
               - [ 870, 960, 0 ]
               - [ 870, 999, 0 ]
               - [ 870, 1038, 0 ]
               - [ 870, 1077, 0 ]
               - [ 869, 1170, 0 ]
               - [ 840, 2, 4 ]
               - [ 766, 1272, 4 ]
               - [ 746, 3, 4 ]
               - [ 727, 1272, 4 ]
               - [ 688, 1272, 4 ]
               - [ 657, 2, 4 ]
               - [ 649, 1272, 4 ]
               - [ 569, 1, 4 ]
               - [ 558, 1271, 4 ]
               - [ 530, 1, 4 ]
               - [ 519, 1271, 4 ]
               - [ 491, 1, 4 ]
               - [ 480, 1271, 4 ]
               - [ 441, 1271, 4 ]
               - [ 402, 1271, 4 ]
               - [ 382, 2, 4 ]
               - [ 343, 2, 4 ]
               - [ 304, 2, 4 ]
               - [ 300, 1270, 4 ]
               - [ 265, 2, 4 ]
               - [ 261, 1270, 4 ]
               - [ 182, 1, 4 ]
               - [ 174, 1269, 4 ]
               - [ 143, 1, 4 ]
               - [ 135, 1269, 4 ]
               - [ 6, 101, 0 ]
               - [ 5, 16, 0 ]
               - [ 5, 726, 0 ]
               - [ 4, 839, 0 ]
               - [ 4, 878, 0 ]
               - [ 4, 917, 0 ]
               - [ 3, 1001, 0 ]
               - [ 3, 1040, 0 ]
               - [ 3, 1079, 0 ]
